; 2020RS Image to Image GCP File
; base file :TC100089
; warp file :TC100089
; Base Image(x, y), Warp Image(x, y)
;
160.0    254.0    207.0    255.5
517.0    399.0    590.0    673.0
114.5    772.0    301.0    659.0
114.5    772.0    301.0    659.0
318.5    505.5    436.5    433.0
495.0    224.5    468.0    237.0
495.0    224.5    468.0    237.0
495.0    224.5    468.0    237.0
495.0    224.5    468.0    237.0
495.0    224.5    468.0    237.0
495.0    224.5    468.0    237.0
495.0    224.5    468.0    237.0
495.0    224.5    468.0    237.0
495.0    224.5    468.0    237.0
495.0    224.5    468.0    237.0
495.0    224.5    468.0    237.0
