; 2020RS Image to Image GCP File
; base file :TC200089
; warp file :TC200089
; Base Image(x, y), Warp Image(x, y)
;
361.0    672.0    361.0    671.5
495.0    518.0    495.0    518.0
230.0    527.0    230.0    527.0
524.0    272.5    524.5    272.0
142.0    393.0    142.0    393.0
294.5    383.0    294.5    383.5
509.0    225.5    509.0    225.5
311.0    856.0    311.0    856.0
441.5    995.0    442.0    995.0
158.0    1002.5    157.0    1002.5
338.0    256.5    338.0    257.0
456.0    426.5    456.0    427.0
476.0    670.0    476.0    670.0
263.0    685.0    263.0    686.0
268.0    1005.5    268.0    1005.5
381.0    552.0    381.0    551.5
420.0    718.0    420.0    718.0
149.0    557.0    148.5    557.0
163.0    239.0    163.0    239.0
339.0    103.0    339.0    103.0
269.5    401.0    269.5    401.0
282.5    528.0    282.0    528.0
581.0    872.0    581.0    872.0
566.0    561.5    566.0    561.5
136.0    720.0    135.0    720.0
357.0    445.0    357.0    445.0
402.0    307.5    402.0    307.0
202.0    391.0    202.0    391.0
205.5    450.5    206.0    451.0
393.0    308.0    393.0    308.0
336.0    735.0    336.0    735.0
369.5    824.0    369.0    824.5
237.5    856.0    237.5    856.0
227.0    981.0    227.0    981.0
342.0    1004.5    342.0    1004.0
520.0    1005.5    520.0    1006.0
558.0    879.5    558.0    879.5
393.0    199.0    393.0    199.0
240.0    203.0    240.0    203.0
197.0    629.0    197.0    629.0
368.0    773.0    368.0    772.5
698.0    519.0    698.0    518.5
334.0    928.0    334.0    928.5
549.0    921.5    549.0    921.5
268.0    357.5    268.0    358.0
474.5    181.0    474.5    181.0
202.0    342.0    201.5    342.5
199.0    793.0    199.0    793.0
262.0    921.5    262.0    922.0
404.0    931.5    404.0    931.0
404.0    931.5    404.0    931.0
; 2020RS Image to Image GCP File
; base file :TC200089
; warp file :TC200089
; Base Image(x, y), Warp Image(x, y)
;
361.0    672.0    361.0    671.5
495.0    518.0    495.0    518.0
230.0    527.0    230.0    527.0
524.0    272.5    524.5    272.0
142.0    393.0    142.0    393.0
294.5    383.0    294.5    383.5
509.0    225.5    509.0    225.5
311.0    856.0    311.0    856.0
441.5    995.0    442.0    995.0
158.0    1002.5    157.0    1002.5
338.0    256.5    338.0    257.0
456.0    426.5    456.0    427.0
476.0    670.0    476.0    670.0
263.0    685.0    263.0    686.0
268.0    1005.5    268.0    1005.5
381.0    552.0    381.0    551.5
420.0    718.0    420.0    718.0
149.0    557.0    148.5    557.0
163.0    239.0    163.0    239.0
339.0    103.0    339.0    103.0
269.5    401.0    269.5    401.0
282.5    528.0    282.0    528.0
581.0    872.0    581.0    872.0
566.0    561.5    566.0    561.5
136.0    720.0    135.0    720.0
357.0    445.0    357.0    445.0
402.0    307.5    402.0    307.0
202.0    391.0    202.0    391.0
205.5    450.5    206.0    451.0
393.0    308.0    393.0    308.0
336.0    735.0    336.0    735.0
369.5    824.0    369.0    824.5
237.5    856.0    237.5    856.0
227.0    981.0    227.0    981.0
342.0    1004.5    342.0    1004.0
520.0    1005.5    520.0    1006.0
558.0    879.5    558.0    879.5
393.0    199.0    393.0    199.0
240.0    203.0    240.0    203.0
197.0    629.0    197.0    629.0
368.0    773.0    368.0    772.5
698.0    519.0    698.0    518.5
334.0    928.0    334.0    928.5
549.0    921.5    549.0    921.5
268.0    357.5    268.0    358.0
474.5    181.0    474.5    181.0
202.0    342.0    201.5    342.5
199.0    793.0    199.0    793.0
262.0    921.5    262.0    922.0
404.0    931.5    404.0    931.0
404.0    931.5    404.0    931.0
